pupula — queo

pupula 63, 56.

pupulum 56, 5.

purgo 99, 5. -atur 64, 39.

puriter 39, 14. 76, 19.

purpura 64, 49.

purpureo 45, 12. -63 64,163. 275.

purus· -a 68, 15. -ae 78,
7. -ior 23,’ 19.

pusillum 54, 1. -i 37,16.

‘putidae 17, ’10. -,698’ 1. -a 42, 11.
12.19.20.

puto 15, 13. 22, 4. -as 12, 4. ·at
42, 3.’ -3116 16,,13. 37, 3. 7. ·66
65, 18. 68, 12. -emus 22, 12.
97, 11. -arem 91, 3. -aui 97, 1.
-astis 16, 3.

7. -3 78,

puta 102, 4. -ate
37, 9. -are 1, 4. 23, 25. 37, 5.
73, 2. -andum 42, 15.

putrida 64, 351.

Qua 11, 7. 15, 11. 24, 9*. 40, 6.
76, 14. frgm. 1, 2* (bis). ’

quacumque 64, 43. 67, 13.

quadraginta 115, 2.

quadruuiis 58,

quaeritando 55, 432.

quaero 76, 23. ’·-16 7, 1. -it 67, 17.
-1118 42, 7. 66, 83*. —unt 47, 7.
-siuimus 55, 3. quaerere 66, 49.
-ens 64, 253. —endus 67, 27.

quaeso 10, 25. 103, 3.

· (1113116 (relat.) 64, 269. 68, 57. --
61, 17. 228. 64, 336 (bis). -em
64, 247. 97, 7. -e 68, 109. -i
64, 200. -66 64, 89. ·ia 65, 13.

. -(interrog. uel exc-lam.) qualis
41- 8. -1 64, 177. -ibus 64, 97.

qualiscumque qualecumque 1, 9.

qualubet cf. (1113 et lubet. .

(11131112,1..137737 10,32.
17, 20. 24, 6. 9*. 31, 4 ibis).
45, 22. 57, 8’. 58, 3. 62, ’29 (prius
quam). 64, 82. 92 (prius . . . (1113111).
100*. 151. 190 (prius . . . quam).
236. 66, 23*. 75. 82 (prius . . .
quam). 68, 79. 82 (ante (1.113111).
,128 153. 70, 2. 73, 6 79, 2.
95, 2.v 110, 7. 111, 4.

quamquam 66, 69. 67, 10. 68, 128*.

(111(1111131116242, 5. 35, 8. 74, 5. 91, ’7.

141

(111311ᾶο (indes.) 84,1. — quando

(1131361511 33, 6. 40, 7. 64, 218.

(11131113 87, 4. —um3, 2. 9, 10. -—-

8, 5. 15, 12 ((111311111111 ι’116). 28,
11. 37, 12. 45, 5. 68, 53. 84,
4. 87, 2. 88, 4. 5. 89, 6 (quan-
tum uis). 96, 6. -0 49, 7. 64,

. 100*. -3 61, 117. ,-06 64, 99. -a
67, 12.*. ὲ18 68, 42.

quaque (usque quaque) 39, 2. 15.
quare 1, 8. 6, 15. 12, 10. 21, 12.

23, 15. 35, 7. 39, 9. 44,16. 61,
26. 62, 17. 64, 192. 372. 407.
67,7. 68,.2714’7 69, 1. 9. 72,
5.'76,1(').,.801 85,'.1 89,.4
6.10·1‚ 3. 114, 5.

quasi 30, 8.
quassauit’ 44,14.
(11131111111 61, 78. 99. -1611311164, 256.

(111316 61’,15.63,83.-1611’6 63,
10. -161116111 64,1’05. 1611166 64,
305. (1113663 6, 10.

quess, 1. 6. 4‚'8(1›2·s). 26. 5,.2

6, 9. 10. 11. 15. 7, 2. 9,4(b'z·s).
6’89.,1111*.12,17.13,.12
14, 25. 15, 9. 10. 14. 17. 19 (bis).
17, 4. 9 (bis). 10. 11. 22, 3. 17.
23,17. 22. 24,9. 25, 3.4.7(bz·s).
28;.35.14.’.15 2924. 30,9.
31, 1. 3. 4. 10. 13. 32, 7. umis).
.33,5.,.344 10. 11. ’12.22. 35,
,4. .’6. 9. 36, 3. 5. 12. 13(ῠί.ς).
,14(ῠί.ς). 15. 16. 37,1. 14. 38,
4.,.,.4164222 44,7.15 45,
,6.15. 22. 2’4.,.465 47,2.49,
.2..,.350813.1’8.,5114. 53,

4.‚552’6.27..,28562572'-

(bis). ’61, 11. 36. 168. 207. 63,
3.10. 1’6. 41. 46 (bis). 73. 77,
84. 88, 64, 13, 25. 30. 36. 73*.
85. 96 (bzs) 109. 152. 191. 201
(bis). 206. 226. 235. 253. 264.
,273. 275. 290. 298. 300. 310.
.316. 331. 345. 348. 351. 398.
,66, 40 (bis). 45. 55. 67, 2. 5.
. 68, 1. 10. 48. 54. 56. 68 (bis).
,89. 73, 4. 76, 8(bz's). 11. 20.
89, 2 (bis). 3 (67⁴6). 90,1. 95, 2.
.97, 3. 99,12. 102,3. 1071
s, (111·’6*), 3*.. 109, 2. 114, 3. 115’, 5
(bis).frgm.1,1.2
queo (1111161, 66. queunt64,166.
(11163161, 72. 73. 75, 3.

