lora — mane

⁴ 46. -querer 50, 13. -quetur 78,
10. -quentem 65, 9. 67, 41. -13
4, 12. locutus 14, 4. -ta 66, 29.
-111111 84, 3.

lora 22, 7.

loti 39, 21.

lubentius 61, 41. ef: libenter.

lubet 2, 6(li’bet?). 15,11(bis). 17,
17.2’4,.,9275. 3'8‚.7 39,14’

(qui lubet). 40, 6. 61,, 133. '211.

, 62, 36 (llbet?)76, 14. -33132, 6.

lucelli 28, 6. -lo 28, 8.

111331 62, 26. luxerit 14,17.

Lucina 34, 13.

Lucini u. Licini. ς

luctus 68, 31 -11111 64, 199. 247.
-11 68, 19. -ἷ13 64, 226. -tibus 64,

lucum fragm. 1, 1.

ludicrum 61, 24.

ludis 99, 1. -.debat 50, 5 lusi 68,
17. -sisti 61, 133. -simus 50, 2.
61, 232. 68‚156. ludite 61, 211.
-113132, 2. 9. 17, 1. 17.

ludus -dei' 61, 210.

lugebant 66, 52. luxti 66, 21. lu·
gete 3,1. -gere 64, 40'0. -getur

lumbos 16, 11.

lumen 68, 93. lumine 34, 16. 64,
86. 408. 66, 7. 59. 66, 79. -ina
51, 12. 64, 188. 220. 233. 68,
55. — 62, 2. 64, 92. 122. 242.
66, 1. 30. 66. -inibus 66, 90.

luna 34, 16.

lupae 99, 10.

lupanar 42,13.

lupi 108, 6.

lustrauit 63, 40.

luteum 61, 195. —- 61,10.

lutum 17, 9. - 42,13.

lux 5, 5. 66, 70. 68', 132. 11133155,
16. -cem 50,12. 107, 6.—lux 68,

, 160. luce 64, 16. 275. 325. 376.
-ces 64, 31.

Lycaoniae 66, 66.

Lydiae 31, 13.

lympha 68, 54. -ae 27, 5. ·is 64, 162.

lymphati! 64, 254.

Macer 89, 4. 6.
maculae 57, 3.

Catullus

129

maculans 63, 7.

madefient 64, 368.

madere 68, 56.

Maeciliam 113, 2⁵¹¹.

maenas 63, 69. -ades 63, 23.

maeroribus 65,15.

maesta 63, 49. 64, 249. 379. 66,
29. -to 64, 210. -tam 64, 130.
-to 64, 202. -ta 68, 55. -133 66,
23. ·ta 65,12.·tis 64, 60. ·tius

1113313 23, 13. 38, 3 (bis). 57, 8.
61, 46. 48. 82. 178. 62, 58. 64,
100. 274. (bis). 66, 87. 68, 30.
48 (bis). 72, 8. 73, 4. 107, 7.

magistrae 27, 3.

magnanimi 58, 5. -mum 64, 85.
-mam 66, 26.

magnus 7, 3. 91, 6. ·a 35,18. 68,
33. 115, 8. -i11, 10. 55, 6(Magni).
66,.1 -am13, 3. -a34, 6. 63,
91. -,.02512 77,.286,4. -3
37, 13. 115, 7. ,-is 64, 357. -03
68, 129. -as 67, 47. -i 14, 12.
53, 5. 109, 3. -is 64, 62. 280.
323. maior 45, 15. maximus 115,
7. -a 68, 138. 83, 2. —i 17, 7.
34, 5. -11111 66, 43. -as 44, 16.
49, 4.

magus 90, 1, 3.

111313 3, 13. 16. 10, 33. 14, 5. 10.
16, 13. 38, 1. 2. 61, 141. 92,1.

maledicere 104, 1.

Malia 68, 54.

maligne 10, 18.

maligno 67, 5. -11ῑ1 68, 37.

malo mauult 45, 22. malit 79, 1.
mallem 24, 4. malle 70, 1.

malum 71, 4. - 29, 21*. -lo 64,
165. 77, 2. -la 14, 6. 28, 14.
83, 1. malis 30, 5. 64, 80. 65, 4.

1113111111 65,19.— 2,12.

11131113 5, 12. 64, 175. a-7,12. 10,
19. 15, 14. 23,1.7 40, '1. 69, 5.
7. -i6’‚ 15. 15, 17. -um14, 22.
29, 21. 44, 21. -am 44, 7. -11111
67, 36. -o 64, 405. -3 61, 101.
-is 15, 10. -as 33, 5. -a 66, 85.

, -33 3,13.

qna-lus -10 64, 225.

Mamurrae 57, 2. -3111 29, 3.

mandata 64, 232. —- 64, 2.09 214.

mane 3,9 18. 80, 3.

9

