134

13.15.16.44,2 8.17.20.48,
5. 54, 4 55, 1. 23. 24. 25. 26.
57, 8. 61, 72. 86. 101.148.176.
201. 205. 212. 62, 9. 11. 13. 60.
62. 63, 62. 64, 20. 39. 40. 41.
63. 64. 65. 91. 103. 139. 140.
158. 188. 221. 288. 290. 343.
376. 404. 66, 18. 21. 28. 32. 34.
72. 75. 80. 91. 67, 9.13. 15. 18.
20. 31. 68, 17. 30. 32. 33. 38.
39. 41. 85. 97. 135. 69, 3. 70, 2.
72, 3. 74, 6. 76, 16. 23. 24. 78,
9. 83, 5. 84, 12. 88, 3. 5. 8. 89,
5.,911.8.,.,.,951965971.
10. 1'1. 99, 3.]2. 104, 3. 108,
3. 110, 5. 114, 1. 115, 3. 8.
frgm. 3*. cf. nondum.

nondum 64, 219. 386. 68, 75.

Nonius 52, 2.

nonus -a 37, 2. -am 95, 1. 2.

nos 62, 15. 66, 61. 116, 7. 68,156*.
nostri 64, 138. 68, 17. 83, 3.
nostrum 50, 4. nobis 5, 5. 6, 16.
8, 5. 10, 5. 14, 26. 32, 7. 42, 22*.

55, 15. 62, 11. 64,139*. 406. 67,

7. 18. 19. 68, 66. 68. 147. 157.
81,5. 100, 5. 107, 3. 6. 109, 5.
116, 3. nos 63, 26. 68, 37. 98,
5. 109, 2. nobis 62, 32.

noscitetur 61, 223.

nosco noscen’t 78, 10. nosti 22, 1.
67, 37. norat 3, 6. nosse 72,1.
no'scens 68, 140. notus 40, 6.
64, 339. -13 102, 2. -tae 33, 7.
-torum 79, 4*. -ta 68, 97.

noster 115,1*. -tra 26, 1*. 43, 7.
58, 1. 68, 22. 94. -'tri 55, 22*.
-trae 48, 6. 64, 226. 77, 5. 6.
-tro 68, 91. -trum 31, 9. 64, 199.
109, 2. — 15, 16. 6’4, 229. 68,
132. noster 13, 6. 44, 1. -tro
91, 2. 96, 2. ·- 99, 9. -113 64,
158. 68, 23. 95. -tris 64, 170.
-tros 64, 226. 233. —tras 50, 18.
116, 6. -tra 42, 4*. 61, 98. 77,
4. -tris 65, 8. -64, 176. 116, 8.

n6t5 68, 28. 107, 6.

notescat 68, 48.

nothus -ά 6'3, 27. -0 34,15.

noto -at 68, 148 —ata 8'0, 8.

nouem 32, 8

nouerca 23, 3. -ae 64, 402.

nou5s 61, 54. -i61‚ 32. 68, 81. -
35, 3 (Noui Comi) -um1, 1. —

nondum — Nysigenis

14, 8. 66, 45. 64. -5 61, 95. 96.
100. 110. 120. -o 66, 11. 20. -
66, 38. -i 22, 6 (nouei). 7. -is
ἐξ, (153. -3 63, 75. nouissimo 4,
. , 4.

nox 5, 6. 7, 7. -ctis 63, 41. -te 51,
12. 61, 118. 62, 34. 66, 69. 68,
44. 145. -tes 6, 6. -tibus 68, 83.

nubes 64, 239.

nubet 61, 20. -ere 70, 1. nupta 17,
14. 64, 374. — 61,95.96.100.
110. 120.151. -tarum 111, 2.
-tis 66, 15. -tae 66, 87.

nudo -antes 66, 81. -ato 64, 17.
-atae 64, 129. ·atum 64, 64*.

nudus ·um 55, 11. -ο 62, 49.

nugas 1, 4.

nullus 10, 21. 64, 335. -a 8, 5. 14.
17, 20. 37, 12. 39, 16. 61, 66.
64, 136. 137. 143. 144. 186 (bis).
322. 334. 69, 1. 86, 3. 4. 87,1.
3. -i 70, 1. -um 11, 19. -o 62,
40. 64, 184. 87, 3*. -i 62, 44. 53
(bis). -ae 62, 44. -3 66, 86. -is
64, 165.

num 30, 4*. 55, 17*. 60, 1.

numen —ine 64, 134. 204. 66, 7*,

numerare 61, 209.

numerus 7, 3. -um 61, 208.

nummi 103, 3.

”uffqr3m.2⁰u÷¹÷1·>.22›930532³>-
.......

nunc 3, 11. 17. 4, 25. 8, 9. 16. 17:
17, 23. 21, 10. 25, 6. 20*. 30, 9.
35, 11. 36, 11. 39, 17. 45, 19.
50, 18. 55, 17*. 58, 4. 61, 138.
62, 17. 63, 68. 64, 143. 66, 79.
67, 9. 68,97. 72, 5. 74, 6. 78, 7.
81,5.83,4.101,7. 113, 2. 116, 5.

nuntio -antur 35, 11. -ate 11, 15.

nuntium -ia 63, 75.

nuntius 84, 10. -ii 9, 5.

nuper 64, 217. 65, 5.

nuptialia 61, 12.

nutanti 64, 290.

nutriunt 61, 25.

nutrix 64, 376. -icum 64, 18.

nutu 64, 205*.
num nuces 61, 128. 131. 135. 140.

-ibus 61, 133.
nympha 61, 29. -arum 88, 6. -as
Νγῖῗὲεῖιῖὲ 64, 252.

-0 50, 5.

-ibus 66, 53.

