152

tu 1, 3. 6, 14. 8, 7.,14. 10, 33.
13, 13. 14, 13. 15, 11. 22, 9.
23, 22. 28, 3. 30, 5. 7 (tute). 11.
34, 13. 15. 37, 17. 38, 4. 49, 7.
61, 56. 151. 66, 21. 89. 67, 37.
68, 21 (523). 129. 155. 76, 10*.

11. 81, 2. 5. 91, 9. 104, 4. 110,

3. 116, 8. tibi 1, 3. 8. 4, 14.
26. 8, 3. 8. 15. 13, 2. 14, 7. 9.
16. 15, 1. 17, 5. 23, 5. 15. 19.
25, 11. 32, 6. 34, 21. 35, 16.
38, 6. 40, 3. 44, 16. 49, 4. 50,

16. 51, 13. 54, 5. 61, 52. 86.

136. 146. 156. 158.
192. 64, 137. 151. 158. 161. 228.
231. 325. 328. 330. 65, 16. 66,
24. 68, 9. 11. 32. 39. 105. 149.
69,.1. 5. 75, 3. 76, 6. 15. 81, 5.
82, 1. 91, 6. 8. 9. 93, 1. 98, 3.

173. 176.

99,,1. 5. 100, 5. 116, 1. frgm.

1, 1. te 6, 6. 16. 7, 9. 8, 13.
15. 16. 9, 6. 13, 14. 14, 1. 3.
20. 15, 14. 17. 21, 8. 24, 6. 30,
2. 9. 12. 31, 4. 6. 32, 3. 34,17.
39, 9*. 15. 21. 40, 1. 43, 6. 44,

2. 45, 3. 51, 3. 6. 55, 3. 4 (ιη-ε).

5. 13. 14. 17. 32. 60,1. 61, 51.
54. 141. 198.
55. 56. 64, 25. 28. 29. 149. 154.
219. 221. 222. 237. 253. 299.
65, 10. 66, 25*. 31. 40. 67, 2.
15. 68, 107. 69, 5. 72, 1. 3. 5.
76, 10. 11. 78, 9. 79, 2. 80, 3.
6. 91, 1. 3. 98,1. 101,3.5(tete).
103, 3. 107, 4. 5. 112, 2*. 116,
3. frgm. 1, 3. tu 8, 9. 19. 23,

24. 24, 9. 62, 59. te 2, 9. 12,
4. 13, 3. 15, 9. 23, 16. 43, 7.
- 50, 13. 20. 61, 61. 64. 66. 69.
74. 64, 69. 301. 331. 63, 22.
8. 91, 7.

23. 94. 95. 71, 4. 76,
11111311ῗῖ 63, 9*.
tuetur 64, 53. tuens 66, 89.
Tulli 49, 2.

tum 1, 5. 2, 8*. 8, 6. 10, 3*. 15,
17. 16, 7. 62, 37. 64, 19. 20.

21. 56. 68 (bis). 100*. 126. 128.

143*. 231. 249*. 254. 276. 312.

313. 320. 66, 29. 68, 87. 101.
105. 131. 72, 3. 84, 3. 86, 6.
cf. tunc.

tumido 95, 10.

tumulabor 64,· 153.

202. 62, 36. 63,

tu — uagus

tunc 10, 3*. 44, 21. 66, 24. 68,
118*. cll tum.

tunditur 11, 4. -eretur 59, 5.

tunicam 32, 11. 67, 22. -i 68, 134.
-38 95, 8. -is 88, 2.

turben frgm. 12*. cl. turbo.

turbida 25, 4.

turbo 64, 107. -ine 64, 149. 314.
68, 63.

turgiduli 3, 18.

turpiculo 41, 3.

turpis 42, 3. -e 68, 30. —— 42, 8.
68, 27. —i 91, 4. —ia 61, 103.

turpiter 25, 11.

tussis 44, 13. -im 44, 7. 19.

tutamen 64, 324.

tuto 31, 6. -5 30, 8.

1111189, 8. 61, 101. 151. 172. 62,

29. 63, 92 (11108). 68, 24. 96.
117. 71, 3. 81, 3. tua 62, 62.
64. 64, 218. 67, 114. 68, 155. 78,
8. 100, 5. 108', frgm. 1, 2.
tui 13, 7. 30‚1’.2 6,1 157. —30,
12.111038,1. 61,116.11111111
14, 13. 44,14. 61, 108. tuam
66, 91. tuum 61, 1.38 63, 9*
(1110111). 64, 163. 66, 40. 1110 15,
3. 9. 17, 8. 23. 23, 5. 50, 7.
56, 2. 62, 33. 64, 253. 66, 39.
87}.}.4966 11153,17.17,5.
44, 7. 62, 27. 65,12. 66,71.
75,1.79,2. 11104, 16. 17. tui
14,11. tuae 7, 2. 55, 2. 11108
6,16. 9, 3. 48,1. t'uas 6,1.
tua 12, 7. 30, 9. 63, 9. 81. 65,
9. 17. 116, 7. tuis 25, 9. 61,
141. - 61, 104. — 61, 71.

ηιξρῖὶηυῧιιῗρῖηξςὶὸἶ ἑζΡθῑηὶξιέρξιῗέ
63, 21. ——- 64, 261.

typar⁷1um cf. tympanum.

'lyrio 61, 172.

Vacu5s 64, 288. -u5 64, 168.

uadit 63, 31. 86.

uadum -a 63, 47. 64, 6. 58.

uae 8, 15*. 64, 196.

uagari 46, 7.

uagus 63, 4. 64, 390. -a 63, 25.
31. -i 64, 271. -0 63, 86. 64,
225. 277. -5 61, 117. -o 64, 340.
-is 65, 17. -3 63, 13.

