dum —- emori

-cis 65, 3. -cia 64, 210. 66, 13.
⁸9⁰AE8 246, 9. dulcius 68, 106. -—-

‚ dum 21,12. 44, 9. 10. 14. 55, 22.

61, 161. 62, 45 (bis). 56 (bis).
63, 57. 64, 145. 65, 22. 66, 77.
99, 1. 5. 114, 5. 6. dum modo
114, 6*. —— dum (summ.) 67, 7.
63, 78.
’ duo 113, 1. 3. -obus 62, 64. duae
« 47,“1.
duplex 68, 51.
duritiem 66, 50.
Durrachium 36, 15.
durus -e30, 2. -a60, 3. -osl6,
11. -ἴι 63, 40. r-ius 23, 21.
dux 61, 44. 63, 32. 66, 67. ducem
63, 34. duce 63, 15.

Ε 9,1. 10, 2. 53,1. 61,217. 62,

. 32. 63, 36. 64, 14. 18. 66. 74.
114. 244. 257. 278. 297. 65, 20.
66, 8. 68, 58. 80, 4. 111, 2. u.
ex.

ebrioso 27, 4*. -sioris 27, 4.

ebrius -ios 45, 11.

ebur 64, 45.

ecfututa 6, 13.

ecquid 88, 4.

ecquidnam 28, 6. ecquonam 10, 8.

edera u. hedera.

ederigerae 63, 23.

&do edunt 35, 15. edebat 91, 6.

edo edidit 4, 12. ede 55, 15. edere
64, 306. edita 95, 2.

educit 64, 90.

edv‘t‘co -cat 62, 41. 50.

effero extulit 62, 29.

efficit 110, 7*. efficias 76, 14. -cies

effigi’es 64, 61.

efflabant 64, 263.

effluxisse 65, 18. ,

effossos 108, 5.

effugies frgm. 3*.

effusis 64, 391. .

egelidos 46, 1.

egeo -eat 1'14, 6.

Egnatius 39, 1. -ti 37, 19. 39, 9.

ego 10,16. 14,4. 16,1. 14. 22,
4. 55, 25. 56, 6. 63, 51. 58 62.
63 (quater). 64 (his). 68. 69 (ter).

117

64, 24. 116. 149. 164. 196. 216.
221. 65, 10. 66, 25. 37. 72. 77.
86. 68, 25. 40. 86, 2. mei 10,
31. 63, 50. 69. mihi 2, 11. 3,
15. 7, 1. 9, 2. 5. 10, 3. 8. 18.
25. 32. 12, 6. 11. 15. 15, 5. 17,
7. 21, 7. 25, 6. 28, 7. 35, 11.
13. 39, 9. 42, 4. 44, 8. 20. 45,
15. 51, 6. 55, 10. 29. 32*. 63,
15. 65 (bis). 66. 67. 64, 140.
188. 215. 217. 219. 66, 82. 68,
1. 9. 15. 19. 20. 31. 35. 51. 77.
92. 143. 159. 160. 70, 2. 73, 5.
76, 20. 21. 77, 1. 86, 1. 91, 1.
95, 9. 101, 5. 6. 103, 1. 104, 2.
109, 1. 110, 3. 116, 5. mi 5, 7.
10, 21. 14, 10. 21, 11*. 27, 2.
30, 8. 31, 5. 37, 11 (mei). 51, 1.
7. 67, 43. 68, 158*. 72, 6. 76, 26.
77, 3 (mei). 83, 1. 92, 1. 99, 13.
107, 4. me 10, 1. 17. 28. 29.
31. 12, 12. 13, 1. 14, 5. 15, 1.
16, 3. 13. 28, 9. 30, 3. 5. 7.
37, 8. 38, 2 (me hercule). 41, 2.
42, 3. 44, 13. 15. 21. 48, 2. 61,
196. 64, 132. 177. 182 (memet).
200. 65, 1. 66, 7. 18. 19. 33.
55. 63. 69. 73. 75. 76. 91. 67,
14. 68, 9. 12. 33. 36. 41. 52.
73, 6. 76, 19. 23. 91, 6. 92, 2.
97, 1. 99, 4. 5. 11. 102, 3. 4.
104, 1. mi 10, 25. 13, 1. 28, 3.
55, 32*. me 9, 11. 50, 9. 63, 15.
67, 11. 68, 159. 72, 2. 87, 2.
92, 2. 107. 7. [me me 21, 11*].
- u. nos.
egredientem 64, 114. egressus 64,
egregium 67, 29.
114, 2.
egressus 64, 185.
eheu 30, 6. 64, 61*. 77, 5*. 6*.
ei (inter-ieet.) 68, 92. 93. 77, 4*.
eiciunt 105, 2. eiectum 68, 3.
electos 64, 78. electissima 36, 6.
elegantem 39, 8. -te 43, 4. -tius
13, 10.
eleua 24, 9.
elleboro 99, 14.

-ias 64, 348.

elluatus 29, 16.
eluentur 57, 5.
Emathiae 64, 324.
emersere 64, 14.
emori 52, 1. 4.

