124

63,73 (quater). 64, 143. 167. 328.
374. 68, 65 (bis). 75, 3. 76, 10.
18. 23. 84, 12. 99, 13. 16.

iambis 54, 6. -os 36, 5. 40, 2.
frgm. 3*.

ianua 67,12. 68,115. —uae 61, 76.
-ua 67, 3. 14. 37. -uae 63, 65.

ibi 8, 6. *63, 4. 42. 48. 76. 90. 66,

1013 63, 79. ’

ldae 63, 52. 70. -313 63, 30.

Idaeos 64, 178*.

Idalium36, 12. 61, 17. 64, 96.

idem 22, 3. 14. 15. 25, 4. 30, 9.
62, 34. 43. 66, 7. 103, 4. eadem
62, 54. ‘idem 2'2,18. eadem 61,
148. — 84, 8. eosdem 62, 35*.

identidem 11, 19. 51, 3.

ideo 91, 1.

Idomeneos 64,178*.

idoneus 29, 8²⁸¹.

Idri 64, 300.

ieiuna 68, 79.

igitur 62, 16. 67, 19. 68, 31.

ignaro 64, 403. -ris 64, 164.

ignis 23, 2. 45, 16. 62, 20. 26.
-nem 36, 18. -ne 59, 4. -nes 35,

ignosco 35,16. -sces 68, 31.

ignotus 62, 40. ·13 68, 11.

ile 63, 5*. ilia 80, 8. — 11, 20.

Iliacos 68, 86.

ilium ilei 63, 5*. u. ile.

ille 4, 1. 6, 9*. 22, 9. 24, 10. 29,
6. 39, 4. 6. 47, 4. 51, 1. 2. 55,
23. 57, 8. 61, 206. 64, 167. 288.
66, 7. 43. 97, 3*. 100, 3. 1113 3,
5. 8, 9. 10, 24. 42, 7. 58, 1. 2.
63, 25. 89. 64, 11. 69. 99. 108.
66, 9. 67, 36. 68,
148. 152. 76, 23.
67, 27. 68, 147. 99, 13. 100, 3.
illius 67, 23. illius 3, 8. 10, 31.
11, 22. 61, 226. 64, 348. 66, 85.
68, 44. illi 22, 4. 61, 176. 64,
343. 82, 3. 83, 2. illum 35, 12.
62, 42. 44. illam 62, 55. 64, 124.
376. 67, 20. 41. 69, 3. 71, 6. 92,
3. 97,11. illud 32, 4. 76, 23.
86, 3. illo 24, 6. 45, 12. 64, 91.
illoc 50,5. 1113 64,16*.73.1110
68,117. 11111 8, 6. 57, 4. illorum
102, 3. 1113 5,11.

illepidum 10, 4. 36, 17. -dae 6, 2.

34. 35. 143.
illud 65, 23.

. 63, 38.

iambis — in

illic 6, 9*. 10, 14. 21. 68, 35.

111130 50, 7. 68, 133.

11130 3, 9. 12. 14, 22. 15, 7. 84, 11.

imaginosa 41, ὃ*

imber 62, 41. -bre 68, 56.

imbuit 64, 11. -isse 4, 17. -buta
64, 397.

immatura 96, 5.

immemor 64, 58. —- 30,1. 64, 135.
-ri 64, 123. 248.

immerenti 44, 8. -tibus 54, 7.

immineat 61, 173.

immite 64, 138. -ti 64, 94. 245.

immo 73, 4. 77, 2.

immundior 97, 3*.

impello -pulerit 15, 15. -pellens
66, 53.

impendentes 64, 286.

impensius 72, 5.

imperator 29, 11. 54, 7.

imperio 68, 114. -ia 63, 80.

impetum 4, 3. 63, 89.

impia 64, 403. 404. 67, 25. 90, 4.
—30, 4. impiorum 14, 7. impia
23, 10. 68, 123.

implicat 61, 35. 107. -abitur 61, 108.

implorata 68, 65*.

impotens 8, 9. -nte 35,12. -ntia

impressaeie 57, 5.

improbius 68, 126.

improbus -is 57, 1. 10.

impudicus 29, 2. 10.

impune 78, 9. 99, 3.

impuro 66, 84. -ris 108, 2.

imula 25, 2.

imus imo 64, 125. 198. imos 76,
21. imis 64, 93.

in (0. abl.) 2, 2. 4, 11. 16. 17. 10,
6. 23. 12, 2. 15, 7. 8. 17, 3. 4.
6. 13. 19. 25. 26. 21, 3. 22, 5*.
17. 19. 21. 23, 20. 24, 3. 25‚13.
28, 6. 29, 12. 30, 5. 31, 2. 6.
34, 1. 39, 17. 44, 6. 45, 2. 6.
16. 23. 47, 7. 49, 3. 50, 2. 52,
2. 55, 4 (bis). 5. 6. 12. 14*. 18.
57, 7. 58, 4. 59, 2. 60, 4. 61,
91. 101. 172. 192. 62, 39. 49.

64, 8. 48. 54. 57. 72. 88.

98. 105. 119. 133. 149. 151. 167.

168. 176. 217. 296. 313. 317.

349. 387. 394. 65, 15. 66, 7. 35.

43. 56. 59. 64. 68, 6. 24. 41.

50. 52. 54. 57. 61. 63. 71. 83.

