0 - oppressus

01‚9*.3,1.16.9, 5.10.17,1.
24, 1. 26, 5. 28, 9. 31, 7. 12.
13. 33, 1. 34, 5. 36, 11. 42, 13.
43, 8. 44, 1. 46, 9. 56,1. 61,1.
4. 5. 39. 40. 49. 50. 59. 60. 111.

121.124.125.144.145.149.

150.154.155.159.160.164.

165.169.170.174.175.179.
180.184.185.189.190. 62,5

, (bis).10(bis). 19 (bis). 25 (bis).

, 31 (bis). 38 (bis). 48 (his). 58¹²*
(bie). 66 (bis). 63, 50 (bis). 64, 22,
23. 323. 66, 39. 87. 67, 1. 68,
20. 76, 17. 26. 88, 5. 107, 6.

Oarion 66, 94.

obdurat 8, 12. -ra 8, 11. 19.

obeo obierim 63, 62.

obesus 39, 11.

obitfis 66, 2.

obiurgare 74, 1.

oblectant 68, 8.

obliteret 64, 232.

obliuisccntibus 68, 43. oblitus 30,
11. -ta 66, 27. 83, 3. -tae 65, 21.
-to 64, 208. .

obloquitur 83, 4.

obscaena} 68, 99.

obscuretur 66, 3. -rata 64, 227.

. obscurus -a 64, 259.

obseres 55, 21. -et 32, 5.
obsidens 64, 345.

..obsisto ··stitit 71, 1.
0531111313 8, 11.

· obsum -est 73, 4.

obterit 65, 8.

obtingo optigit 107, 1.

obuius 45, 7. -ia 64, 109.

0663311111 66, 67.

occidentis 29, 12.

occidit 5, 5. -dere 5, 4.

occupati 15, 8.

Oceanus 64, 30. 88, 6. -um 115, 6.
-o 61, 89. 66, 68.

ocelle 31, 2. 50, 19. ocelli 3, 18.
ocellos 45, 11. 50, 10. ocellis 43,
2. 64, 60.

0613113 80, 3.

0610 10, 20.

061111 64, 17*. -os 9, 9. 48, 1. 63,
37. 82, 1. 108, 5. -13 3, 5. 14, 1.

63, 39. 48. 64, 17*. 65, 8. 82,
2. 4 (bis). 104, 2.

odi 85, 1. -issem 14, 3. —isse 68, 12.

odio 66, 15. -—- 14, 3. 63, 17.

135

odore 64, 284. 68, 144. 71, 6. ·res
0:134'202762, 7. -is 68, 54.
offero obtulit 66, 54. -lerat 64,

. 248.

officium 68, 12. -10 75, 2. -iis 68,
42.150.110,7*.

offirmas 76,11.

olentis 61, 7 (suaue olentis).

oleum -ci 63, 64.

olfacies 13, 13. -erem 97, 2.

olim 64, 76. 212. 67, 4. 47. 68,
153. 96, 4.

oliuam 34, 8.

011110 6, 8.

olla 94, 2.

olus olera 94, 2.

Olympo 62, 1.

omen -ine 61, 166.

, omentum 90, 6.

omnino 98, 5. 6.

omnipotens 64, 171.

omnis 63, 92. -e 66, 48. - 1, 6.
63,90. 114, 3. -1 99,12.-91,9.
-— 76, 22. -es 22, 18. 23, 7. 37,
15. 16. 42, 2 (bis). 64, 398. 67,
14. 69, 7. -ia 22, 8. 30, 8. 54,
4. 64, 186. 187 (bis). 405. 68,
23. 95. 158. 73, 3. 76, 9. 78, 9.
89, 3. 104, 5. 115, 7. -ium 11,
19. 29, 7. 49, 5. 6. 7. 68, 90.
-ibus 61, 111. 163. 84, 7. -— 86,
6. — 64, 120. -es 5, 3. 37, 17.
45, 4. 51, 5 (omnis). 55, 19. 58,
3. 68, 159. 98, 5. — 55, 7. 68,
26. 86, 6. -13 3, 14. 11, 13. 14,
19. 17, 20. 21, 6. 29, 24. 30, 9.
61, 163. 63, 54. 64, 66. 66, 1.
75, 4. 77, 4. 104, 4. -63 37, 15.
16. 42, 2. -ibus 9, 1. 13, 5. 55,
4. 61, 223. 66, 77*. 99, 8. -
55, 30.

0111111110Ιί 68, 140.

011113 31, 8. 63, 33. 68, 142.

onyx 66, 82. 83.

opaca 37, 19. — 63, 3. 32.

operi 3, 17.

operit 63, 37. -ire 67, 40.
oportet 70, 4. 90, 3.
oppeteret 64, 102.
oppido 54, 1.

oppletur 64, 33.

opposita 26, 2.

oppressus 68, 1.

