, 13. 49, 2. 64, 6ἶ 187.

sum — tabernae

65, 3. 66, 10. 15. 43. 67, 10. 12*.
14. 15. 20. 47. 68, 9. 15. 17.
22. 30 (his). 33. 39. 59. 80. 94.
106. 125. 128. 135. 141. 147.
154. 159. 160. 69, 7. 71, 4. 72,
7. 75,1. 76, 2. 13. 14. 15 (bis).
17. 24. 78, 1. 3. 5. 79, 1. 80,
5. 7. 81, 5. 82, 2. 4 (bis). 83,
2. 5. 6 (bis). 86, 1. 2. 4. 5 (bis).
87, 4. 88, 7. 89,1. 5. 90, 4. 91,
10 (bis). 94, 2. 95, 2. 96, 5 (-st).
97, 5. 99, 7. 100, 3. 6. 102, 1.
104, 2. 107, 2. 3 (bis). 7*. 110,
5. 7'.* 111, 3. 112, 1*. 115, 7.
frgm. 1, 2. frgm. 2. sumus 34,
1. estis 28,13.42,1.2.311111
16,.421,3.,2917. 33,.,737
220. 304.
68, 158'. 73, 3. 76, 8. 92, 3. 101,
. 8. 115, 2. 7. sis 34, 21. 50, 18.
. 55, 15. 22. 77, 10. 93, 2. 100, 8.
sit 3, 13. 17, 14. 20. 22 (ter). 23,
15. 41, 8. 42, 7. 48, 6. 61, 214.
62, 13. 63, 92. 68, 37. 89, 6.
102, 2. 108, 4. 114, 5. 115, 3.
simus 68, 137. sitis 68, 155.
sint 6, 2. 7, 2. 16, 8. 55, 2. 95,
9. eram 63, 64. erat 3, 6. 10, 9.
21. 63, 66. 67, 26. essem 36, 4.
50, 13. 55, 32. esses 39, 10.

. esset 10, 6. 12. 63, 67. 83, 4.

ero 63, 69. eris 40, 7. erit 15,
12. 64, 357. 362. eritis 14, 25.

2 erunt 21, 3. 24, 3. 49, 3. esto
,103,2. ','.esse144,1’4.2.35‚

13. 8,17. 10, 10. 15. 34. 12, 4.
16, 5. 22, 4. 12. 37, 3. 40, 6.
41, 8*. 42, 3. 14. 43, 6. 44, 2.
4. 10. 50, 3. 51, 1. 61, 214. 64,
79. 144. 66, 42. 91. 67, 10. 44.
68, 28. 76, 2. 12. 24. 78, 5. 81,
1. 84, 3. 12. 88, 3. 89, 4. 91, 5.
8. 97, 9. 99, 4. 102, 3. 4. 103, 4.
106, 1. 116, 5. forem 63, 53.
rores 34, 9. foret 4, 5. 63, 46.
66, 61. 67, 27. 68, 40. 116. 99,
13. forent 30, 8. fui 44, 6. 63,
64. fuisti 29,12. fuit 4,10. 10,
18. 63, 90. 64, 137. 66, 77. 68,
66. 117. 87, 3. 110, 6. fuistis
28, 11. fuerunt 21, 2. 24, 2. fuere
4, 25. 49, 2. fuerant 64, 158.
317. fuisse 2,12. 4, 2.14. fore 91,
2. 109, 2. futurus 48, 4. 55, 15.

· Syriam 84,

149

summisso 64, 370.

summus -i 55, 5. -um 62, 52. -ο
64, 105. 390. -ῖι 64, 241. 99, 4.
-is 64, 8.

sumo sumptum 116, 5.

sumptuose 47, 5.

sumptuosus -as 44, 9.

sumptus -ibus 114, 4.

super (adu.) 7, 2. 10. 51, 7. 61,
29. 64, 286. - (praep.) 63, 1.

superbus 29, 6. -33 64, 85.

supercilia 67, 46.

superfluens 29, 6.

supero -are 51, 2. 115, 3.

superuehitur 66, 44.

supinus 17, 4. 32,10. -11111 17, 25.
28, 9. -is 64, 312.

suppernata 17, 19.
..supplex p-licis 60, 4.

supplicium 64, 203. 116, 8. -iis

ευέἓοεῖῗεπ 69, 2. -1111111 67, 32*.
supremo 64, 151.

..surae 64, 129.

surgere 62, 3. ,
surrepens ef. subr.
surripui ef: subr.

suscipit 88, 5. -iat 88, 4.
68, 78. -iantur 17, 6.

suscffisstt' 68, 124. so, 4.

suspendam 64, 225.

suspicor 14, 8.

suspirantem 64, 98.

sustollant 64, 235 -ens 64, 210.

susurrat 80, 5.

311113 22, 20. sui 2, 7. 35, 6. 67,
30. suae 61, 58. 217. 224. suo
61, 221. suum 66, 57. suam 3,
6. 64, 29. suum 6'1, 42. 64, 81.
3110 51, 10 (suopte). 64, 266.
3113 15, 8. 17, 18. 3110 75, 2.
suis 61, 51. 62, 45. 63, 11. suos
10, 1. 45, 1. 58, 3. 64, 27. 201.
3113 62, 65. 63, 45. 67, 42. suis
3, 5. 11, 17. frgm. 1, 3.

7. -as 45, 22.

Syrii (Surii) 66, 78*. -io 6, 8*.

Syrtis 64, 156.

-iatur
cll sue-

Taheuam 32, 5. -is 50, 2.
tabernae 37, 10. -am 36,15. -337, 1.

