hio — iam?

69. 74. 63, 74*. 65, 24. hunc 4,
24. 15, 13. 29, 20*. 21. 39, 7.
56, 6. 63, 78. 64, 86. 294. 69,
7. 76, 25. 109, 2. 116, 5. frgm.
1, 1. hanc 17, 17. 23, 18. 37, 14.
50, 21. 62, 53. 76, 20. 91, 6.
hoc 4, 6. 6, 5. 12, 4. 14, 8. 17,
7. 22, 12. 24, 9*. 29, 1. 36, 9.
45, 8. 17. 50, 16. 67, 31. 68, 2.
19. 44. 149. 76, 14. 26. 109, 6.

, hoe 50, 5. 76, 6. 84, 7. 91, 2
(bis). hac 22, 13. 107, 7*. hoc
39, 18. 21. haec (= hae) 64,
320. haec 4, 25. 64, 232. 76,
8. 115, 7. horum 24, 2. 68,
129. harum 21, 2. 64, 256.
his 16, 10. 63, 37. 64, 120. 307.
⁴hos 64, 283. has 64, 202. 101,
2. haec 4, 14. 11, 13. 12, 16.
13, 6. 22, 9. 23, 24. 24, 9*. 29,
5. 9. 53, 4. 61, 146. 63, 11. 27.
58. 84. 64, 130. 139. 140. 238.
292. 65, 16. 67, 42. 68, 26. 32.
84, 8. 86, 2. 101, 7. his 14, 20.
66, 75.

hic (adu.)= 6, 9* (heic). 10, 21. 24.

27, 7. 44, 13. 55, 12 (heic). 64,
269. 66, 71. 67, 37. 39 (heic).

68, 28. 63. 116, 6*.
[Hi dii uen 66, 59¹·J.
hiems 68, 82. -mem 95, 2.
hilari 61, 11.
hilaro -ate 63, 8.

hinc 14, 21. 27, 5. 63, 74³⁸. 68, 10.

133. 116, 6.
hinsidias 84, 2. 4. u. insidias.
Hionios 84, 12. u. Ionios.
hircus 71, 1. -eos 37, 5.
hiscas 98, 6.
hiulcat 68, 62.
hodie 61, 137.
homo· 17, 12.

76, 4. -inTs 10,16.

hora 80, 4. -am 99, 3. ·a 62, 30.

64, 191. -as 38, 3.
horrebas 64, 159. -ebitis 14, 26.

horribilis 84, 10. -lem 14, 12. 26,

5. -le 11, 11*. 1164 264.
horridam 4, 8. -da 64, 205.

22, 2. 24, 7. 67, 47.
78, 3. 5. 81, 2. 93, 2. 112, 1 (bis).
115, 8. homini 76, 2. -ines 30,
6. 61, 48. 76, 7. -inum 3, 2. 7,
8. 9, 10. 30, 4. 64, 50. 95. 396.
-ines 10, 20. 45, 25. 68, 141.

123

horrificans 64, 270.

Hortensius 95, 3.

hortor -tata 64, 396.

hortulo 61, 92„

hortus -tis 62, 39.

hospes 64, 176. 81, 4. -pitis 68, 12.
—ite 64, 98. -ites 4, 1.

hostia 68, 76. ⁴

hostis -tem 63, 77. -tes 62, 24.
-tibus 64, 339.

huc 3, 9. 10, 5. 15, 7. 55, 27. 61,
8. 9. 26. 34 (bis). 43. 64, 195
(bis). 68, 36. 153. 75, 1.

humanos 64, 20.

humida 63, 87.

humilis 64, 39.

humore 61, 25.

humum 61, 14.

hyacinthinus 61, 93.

hydrochoi 66, 94.

Hymen 61, 4. 5. 39. 40. 49. 50. 59.
60. 124. 125. 144. 145. 149. 150.
154. 155. 159. 160. 164. 165.
169.170.174. 175.179. 180.
184.185.189.190. 62,5(bis).
10 (bis). 19 (bis). 25 ἔοι-..1) 31
(his). 38 (bu) 48 (his). 58¹²* (bis).
66 (bis).

Hymenaeus 62, 4. -aeo 66, 11.
-aeos 64, 20.141. - Hymenaee
61, 4. 5. 39. 40. 49. 50. 59. 60.
124.125.144.145.149.150.
154.155.159.160.164.165.
169.170.174. 175. 179. 180.
184.185.189.190. 62,5(bz‘s).
10 (bis). 19 (bis). 25 (bis). 31
(bis). 38 (bis). 48 (bis). 58¹³*(bz·s).
66 bis).

Hyperhoreos 115, 6.

Hyrcanos 11, 5.

Iacchus 64, 251.

iaceo 32, 10. —cet 7, 4. 17, 19.
-cebant 50, 15. -cere 6, 6.

iaoio -ciunt 63, 23. iecit 64, 244.

iactabant 64, 257. -astis 64, 97.
-antem 64, 111. -atis 68, 63.

iam 1, 5. 8, 9. 12. 10, 7. 30, 2. 3
(bis). 44, 18. 46, 1. 2. 7. 8. 55,
13. 61, 97. 134. 183. 191. 202.
62, 3. 4 (bis). 18 (bis). 52 (bis).

