. nemo 64, 38. 67, 17. 73, 5.

nec —- non

nec 3, 8. 6, 3. 7, 11. 12. 8, 7. 10
(bis).13(bz·.s).10,10(bz·s).13*.
21*. 11, 21. 17, 12. 17. 18. 21,
5. 22, 5. 23, 2.7. 20. 25. 24,
10. 26, 3. 30, 4*. 41, 7. 43, 1.
2 (bis). 3 (bis). 4. 44, 18. 48, 4.
50, 9. 10. 57, 3. 5. 61, 67.128.
62, 14. 29. 47 (bzs) 64, 55 (nec
dum). 83. 166 (bis). 168. 173.

. 175. 185. 189. 210. 222. 232.

, 302. 379. 407. 408. 65, 3. 66, 73.
67, 11. 17. 39. 44 (bis). 68, 7. 43.
49. 98. 116. 119. 125. 141.143.
69, 8. 72, 2. 73, 5. 75, 3. 4.
76, 3 (bis). 78, 5. 84, 9. 88, 6.
91,.,5921.93,2.99,5.1’04,
3. 110,4. 116, 6. cf. neque.

necdum 64, 55

necesse 12, 16. 16, 6. 61,

81. 62,

nefando 64, 397. 90, 1. -da 64, 405.

nefaria 44, 18.

nefas 68, 89.

negligis 30, 5. neglegit 61, 199.
negligentem 10, 34. neglegen-
tiorum 12, 3. neglecto 64, 134.

nego 86, 3. -as 55, 14. -at 4, 6.
42, 4. -ant 3,12. -es 61, 152.
-et*6l, 128. -are 4, 7. -atam 2,

nei cf. ηδ et ni.

Nemesis 50, 20.

81, 1.

‘nemoriuagus 63, 72.

nemus 63, 2. nemora 63, 12. 20.
32. 52. 58. 79. 89.

nepotis 68, 120. -tum 49, 1. -tes
58, 5. 64, 380.

neptem 64, 29.

,Neptunia 64, 367.

Neptunus-31, 3. —ni 64, 2.

neque 4, 3. 22. 10, 4. 9. 21 (bis).
22, 15. 18. 23, 1 (bis). 2 (bis).
24, 5 (bis). 8 (bis). 10. 26, 2.
36, 17. 39, 8 (bis). 61, 198. 64,
68 (bis). 153. 68, 5. 55. 69, 7.
91, 5. 112, 1. cs: nec.

nequeo 68, 32. ·eunt 16, 11. ne-
quisse 4, 4.

nequicquam 6, 7. 64, 111. 164. 65,
17. 77, 1. 101, 4. 114, 4.

Nereine 64, 28²⁸.

Nereis -ides 64, 15.

neruosius 67, 27.

133

nescio 2, 6. 6, 4. 53, 1. 80, 5. 85,
2. -is 81, 6. -it 17, 22.

nescius -ia 68, 17.

neu 32, 6. 68, 12. 116, 3.

ni 6, 2 (nei). 14 (nei). 14, 1 (nei).
45, 3.- 79, 1 (quidni). 89, 1 (quid-
ni). cf. nisi, ne.

Nicaeae 46, 5.

nigro 68, 63. -ris 43, 2. nigerrimis
17, 16.

nihil 6, 12. 51, 7. 73, 3. 88, 7. —
10, 9. 15, 6. 16, 6. 17, 21. 23,
8. 42, 21. 64,146.148(bi.s). 68,
131. 83, 3 89, 5. nihilo 28,12.
61, 197 (nihilo minus).

nil 6, 12*. 68, 77. — 17, 21. 30,
2. 42, 21. 6'1, 61. 64, 146. 93,1.
nilo 97, 3 (bis).

Nilus 11, 8.

nimirum 22, 18. 62, 7.

nimis 43, 4. 56, 4. 60, 5. 63, 80.
64, 22. 169.

nimium 51, 14. 68, 137. 93, 1. -io

,63, 17. 36.

nisi 29, 2. 22. 89, 5. 92, 2. 4.
106, 2. cs: ni.

nitens 61, 193. -nti 2, 5.

nitor 66, 3.

nitor nitor 64, 177*. -tier 61, 68*.
-tens 64, 84.

niuei 64, 240. -eo 61, 9. 64, 309*.
68, 125. ·eae 55, 26. -eos 64,
364. ·eis 63, 8. 64, 303.

nim, niuis niuem 63, 53. niue 63,
70. 80, 2.

no nauit 66, 46. nasse 64, 2.
nantes 64, 275.

nobilem 4, 8. -es 28, 13.

noctifer 62, 7. '

nocturnae 66, 13.

nolo 67, 45. —lim 68, 37. -ebat 8,
7. nollem 39, 15. noli 8, 9*. 23,

25. 62, 64. 69, 1. 82, 3. -ite 64,
noilrffii 61, 214. 68, 122. 151. —-ine

29,11. ’23, 34, ’22. 62, 35. 67,
43' 46. 68, 50.

n0116, 6. 13. 8, 9. 10, 4. 13*.18.
20.'.34 11,1612,2.6.1213,
4. 14, 10. 11. 16 (ιη.) 26. 15, 6.
16, 10. 17, 22. 21, 2. 22, 19. '21.
23, 9 (bis). 10 (bis). 11. 15. 23.
24, 2. 7. 26, 1. 30, 3. 33, 5. 8.
36, 17. 37, 7. 40, 3. 41, 7. 42,

