130

manet 8, 15. 61, 229. 62, 45. 47.
56. —nent 76, 5. -eas 32, 7. -eat
1, 10. ·eret 99, 9. -nserunt 113,
3. mane 10, 27.

Manlio 61, 16. 222. -li 68, 11. 30.

mano —at 65, 24. -abunt 64, 344.
-ans 65, 6. -antia 101, 9.

manticae 22, 21.

manu 12,1. 61, 14. 63, 84. 66,:30.
-1‘1s 64, 310. - 14, 25. 25, 10.
35, 9. 53, 4. 61, 56. 218. 64,
399. —ibus 23, 22. 63, 8.

Marce 49, 2.

mare 64, 155. -— 63, 40. 64, 269.
66, 45. 115, 6. -ri 4, 23 (marei).
25, 13. 31, 3. 64, 30. -ria 115,
2. — 63, 1. 48.

marinas 64, 16.

maritus 61, 55. -a 67, 6. -o 61,
147. 62, 54. 64, 374. -um 78, 5. 88,
3. -e 61,142.191. 196. -is 64, 328.

marmora 63, 88.

Marrucine 12, 1.

mas marem 16, 13.

mater 34, 7. 35, 18. 39, 5. 64, 379.
403. 67, 34. 84, 5. 8,9 1. -tris
61, 59. 217. 225. 62, 21. 22. 63,
75*. 64, 88. 118. 65, 22. 90, 1.
-tri 62, 63. -trem 3, 7. 9, 4. 91,
5. 111, 4. mater 63, 9. -tre 61,
227. 229. 62, 61. 88, 1. 90, 3.
-tres 64, 349. -trum 64, 23.

maternus 84, 6.

maturo 62, 57.

matutino 64, 269.

Mauors 64, 394.

maxime 17, 11. -mus u. magnus.

medicos 41, 6.

meditantur 62, 13. -itata 62, 12.

medius —ii 80, 6. -ium 66, 46. -iam
67, 22. -ium 68, 60. -io 61, 118.
64, 149. -iis 64, 48. 167.

medullam 35, 15. -as 66, 23. 100,

7. —is 45, 16. 55, 30. 64, 93.
196. 68, 111.

medullula 25, 2.

Medus -di 66, 45.

meientis 97, 8.

melior 97, 4. -ore 68, 28 u. bonus.

Mella 67, 33.

mellitus 3, 6. -te 99, 1. —tos 48,1

membranae 22,

membrum -bra 750, 14. — 63, 6.
64, 257. 296. 68, 29. 108, 6.

manet — meus

memini 99, 4. -it 30, 11. 83, 5.
-erunt 30, 9,11 -ere 64,148*.

Memmi 28,

Memnonis 66, 52.

memor -ori 6²4, 231.

memorabile 62, 13.

mendaci 67, 48.

Meneni 59, 2.

mens 15, 14. 31, 8. 40, 1. 46, 7.
65, 4. 66, 25. 67, 25. 68, 8.
75, 1. -ntis 64, 136. 147. 226.
-ti 76, 9. -tem 61, 33. 64, 207.
330*. 406. 91, 4. -te 8, 11. 60,
3. 62, 14. 37. 63, 19. 46. 64, 70.
97. 200. 201. 209. 223. 236.
238. 248. 254. 398. 68, 25. 37.
-tes 62,15.

mensae 64⁷, 45 —64, 304. —as 62, 3.

menstruo 34, 17.

mentita 110, 3.

mentula 29, 13. 94,1. 115, 8. -las
37, 3. -- Mentula 94,1. 105,1.
115, 1. — 114, 1.

mereri 73, 1.

meretricis 110, 7.

mergitur 66, 68.

meridiatum 32, 3.

merito 71, 2.

merser 68, 13.

merus 27, 7. -ros 13, 9.

messem 95, 1.

messor 64, 353*.

-met 64, 182 (memet).

metiens 34, 18.

metuo 15, 9. -uunt 64, 146. 69, 7.
-uebant 84, 9. metu-ere 64, 148*.

meus 10, 1. 29. 17, 21. 21, 11*.
44, 8. 53, 3. mea 45,13. 64,
218. 66, 19. 67, 10(bis). 68, 35.
70. 132. 70, 1. 87, 2. mei 12,
13.,.3566’5,.595',.19.nieae
2,1. 3,3.417 6734. meo
35, 1. 47, 3. meae 1',1 15. 13,
11. 104, 1. meo 2, 5. meum 11,
21. 12, 17. 17, 8. 28, 7. 50,17.
meam 63, 15. meum 25, 6. 44,
17. meli 5, 1. 32, 1. 45, 2. 63,

- 50. 68, 160. 75, 1. 109, 1. meo
37, 11. 65, 18. meai 36, 2. 56,
7. 63, 58. 92. 76, 26. 87, 4. meo
64, 24. fragm. 2. mei 47, 6.
mea 68, 11. 92, 3. mearum 14,
24. meis 54, 6. meos 15, 1. 21,
4. 38, 6. 39,13. 40, 2.7. fragm.

