uitis —— uouit

6. - 104, 1.
19. -3 45, 13. 109, 1. -ῖι 64, 157.
215. 65, 10. 68, 24. 96. 106.
107, 8. 109, 5.

111113 61, 107. 62, 49.

nito -ans 63, 33.

uittae 64, 309.

1111113 10, 33. -11 107, 7. -1111113 68,
34. -31 11, 17. 89, 2. -3111113 5,
1. uiue 8, 10. -ite 61, 233. -ere
68, 84. 160. 111, 1.

uiuus -ῐι 68, 160.

uix 31, 5. 62, 2. 66, 68. 68, 121.

ulciscitur 71, 5. ulta 44, 17.

ulla 64, 232. 68, 125. -1113 4, 3.
-0 66, 72. - 76, 3. 87, 3. -03
45, 25. -a 4, 22. -13 99, 5.

1111110 62, 54.

111113 17, 13.

ultima 29, 4. 88, 5. -i 11, 23. -3
4, 15. 29, 12. -os 10, 11.

ultra 88, 7.

ultro 68, 40. 115, 7.

ululatibus 63, 24.

ululo -31 63, 28.

Vmber 39, 11.

umbilici 22, 7.

umbram 64, 41. -33 63, 41. 66, 55.
-is 65 13.

umquam' 22, 15. 23, 23. 48, 4.
64, 334. 76, 17. 87, 3. 92, 1.
107, 1.

11113 21, 5. 37, 8. 66, 78*. 68, 22.
23. 94. 95.

1111311111113 30, 1. 66,
9, 4.

1111611 29, 4*. -13 29, 22. -11113 10,

unda 64, 13. 357. 65, 6. -3 11, 4.
-33 64, 2. 128. 270. 281. 95, 5.
-36 31, 13. -is 64, 62. 155. 167.
185. 68, 3.

unde 3, 12. 14, 22. 64, 127. 67,
27.

undique 42, 2. 64, 234. 307. 68,

unguen unguinis 66, 91.

unguentate 61, 142.

unguenti 66, 78*. -um 13, 11. -is
66, 78*.

ungui 62, 43. -111113 25, 9.

unica 61, 228. 100, 6. unicum 39,
5. 73, 6. 1111166 29, 11. 54, 7.
64, 215.

-am 63, 71. 76,

80. unanimos

155

unigena 66, 53. -3111 64, 300.

unquam cl'. umquam.

unus 1, 5. 22, 10. 61, 171*. -3 5,
6. 68,36.82. 120. 76, 15. 86,
6. -1111131,11. ·11135,3. -i(gen.)
17, 17. i-(dat.) 45,14. -11111 10,
17.15,13.73,6. 113, 3. -3111
45, 21. 58, 2. 62,32. 11116 37,
17. 11110 45, 23. 57, 7. 68, 135.
95, 3. 107, 7. 115, 4. —- 1, 10.
67, 15. 111113 68, 147.

uenationes 47, 7.

uoco -at 44, 21. -aret 4, 20. uoca
61, 31. -316 6, 17.

1101311163 55, 27.

uolatu 55, 24.

uolitabat 64, 251.
-antem 64, 9.

11010 6, 16. 10, 26. 17, 8. 23. 35,
5. 44, 10. 61, 216. 1113 15, 12
(quantum uis). 40, 6. 55, 21. 82,
1. 89, 6 (quantum uis). 98, 5.
1111118, 9. 61,209 (11011). uolumus
67, 18. uolunt 66, 32. uelim 35,
2. uelit 12, 8. 69, 2. 76, 24.
uolebas 8, 7. uellem 54, 4. 1161163
6, 3. uellet 64, 138. 84, 1. 110161
61, 104. 11011113ῐί40, 8. uoluit
64, 302. 74, 5. uelle 72, 2. 8.
73, 1. 75, 3. 93, 1. uolente 61,
64. 69. 74.

—are 63, 25.

uolo uolemus 46, 6. 1101316 4, 5.

uolturium cs: uulturio.

uoluntas 11, 13.

uoluo -ebat 64, 250. uolutus 68,

uoluptas 76, 1.

Volusi 36, 1. 20. 95, 7.

nomer -ere 64, 40.

uorago 17, 11. -agine 17, 26.

uorax 29, 2. 10. 57, 8. -aciore 33,

uoret 88, 8. 108, 5.
-are 80, 6.

uos 27, 5. 47, 5. uobis 3, 13. 28,
14. 37, 3. 9. 42, 22*. 64, 338.
68, 45. uos 16, 1. 14. 47, 3. 64,
24 (bis). — 14, 21. 16, 12. 31,
13. 36, 18. 37, 1. 61, 36. 186*.
64, 199. 326. 66, 79. 68, 45.

noster ef. 1163161. ,

11010 67, 5. -um 36, 2. 16. -a 4,
22. 64, 104. 66, 38.

1101111 36, 4. -616 36, 10.

-abit 35, 7.

