132

mortalis 64, 168. -li 64, 385. -les
64, 17.

mos 9, 8. more 68, 137. 101, 7.
-ribus 108, 2.

motu 64, 305..

mouet 12, 12. -ebat 3, 8. -eto 15,
11. -ere 16,11. -ens 61, 161.
-etur 42, 21.

muccus 23,17.

Mucillam 113, 2*.

mugiles 15,19.

mugio -ienti 63, 82.

mula 17, 26. -ae 97, 8.

mulcent 62, 41.

muletam14,190.64, 190.

mulctantes 64‚192.

mulier 25, 5*. 63, 27. 63. 68, 128.
70, 1. 3. 87, 1.

multiplici 64, 304. -ces 64, 250.

multiuola 68, 128.

multus 112, 1 (bis). 2. —um 50, 2.
101, 9. -o 91, 7. -3 64, 112. -o
45, 15. 68, 126. 72, 6. 82, 3.
83, 5. -i 62, 42. 55 (bis). -ae
62, 42. -a 7, 7. 8, 6. 76, 5. -is
68, 45. 86, 1. - 64, 263. 66, 9*.
-as 64, 223. 97, 9. 101, 1. -3
5, 10. 7, 9. 14, 6. 16, 12. 28,
14. 61, 210. 66, 78. 68, 17. 101,
1. -is 55, 31. 66, 19. 68, 36. 99,
7. - 68, 150. cf. plus.

mulus -le 83, 3.

munditiem 23, 18.

mundus 64, 206. -1 47, 2. 66, 1.

mundus -dior 97, 4. -dius 97, 3.
-diorem 23, 18.

municipem 17, 8.

munus muneri 12, 15. munus 14,
9. 17, 7. 61,43. 68, 149. munere
14, 2. 61, 234. 65, 19. 66, 38.
69, 3. 101, 3. 8. -era 66, 82.
68, 10. 32. 154. -eribus 66, 92.

munuscula 64, 103. 68, 145.

muros 68, 86.

111333 35, 17. -ae 68, 7. 105, 2.
-arum 65, 3. 68, 10

muscoso 68, 58.

mutat 22,11. 331166 31. -ari 12,
8. -anda 42, 22. -313 67, 7.
-atum 99,13.-31ο 62, 35.

mutus —am 101, 4. -ἓί 64,, 186. -eis

mutuus· -ua 50, 6. -uis 45, 20.

myrtus 61, 22. -tus (uel -ffis) 64, 89.

mortalis - nebulas

Naiasin 64, 287*.

nam 3, 6. 4, 11. 6, 6. 12. 10, 26*.
12, 14. 13, 7. 11. 14, 4. 17. 16,
5. 21,5.7. 23,7..27 28,12.
32,16.‚.33335,..51336,3.
37, 11. 39, 16. 44, 2. 10. 51, 6.
64, 76. 105. 177. '280. 301. 366.
68, 33. 51.87. 119. 69, 7. 71, 5.
74,.576,7.,..783986,3.88,,
7.’,.’,.’‚.903975997 ',’.1005
frgm. 1, 3.

namque 1, 3. 37, 9. 61,16. 62,
33. 64, 52. 212. 288. 353. 384.
65, 5. 66, 65. 72. 86, 99, 3.

nanciscor nactus 71, 4.

narras 67, 29. -31 43, 6. 67, 35.
-antem 9, 7.

nascitur 62, 39. 49. -untur 64, 198.
-atur 90, 1. -etur 64, 338. natum
10, 15. -ti 64, 22. -ta 68, 158.
-torum 79, 4*. cs: gnatus, 3313,
natus.

Naso 112, 1. 2.

nasus -i 23, 17. -um 13, 14. -ο
41, 3. 43, 1. -orum 69, 9.

nata 68, 120. -tam 62, 21. 22.

nationes 9, 7.

nasis 33, 7.

nato -tantis 4, 3.

natus 64, 400. 67, 26. -1 64, 401.
-o 64, 403. — 64, 324. -is 64,
298. cll gnatus.

naufragum 68, 3.

nauis 25, 13. —ue 64, 84.
4, 2.

nauita 64, 174.

nautis 68, 63.

1ιό (c. coni.) 5, 11. 12. 17, 4. 21,
13. 25, 10. 32, 5. 50, 20. 61, 88.
126. 152. 153 (31). 64, 114. 171.
65, 17.

-uium

66, 59. 67, 46. 68, 11.
14. 103 (nei). 137. 151. 74, 3.
99, 9.—(‚c. imper.) 61, 200. 62,
59. 67, 18.

-35 9, 3. 28, 4. 29, 11. 23. 43, 6
(-n : ten). 55, 14 (-n : ten). 61,
77 (-n : ten). 98* (-n ε uiden). 62,
8 (-n:uiden). 63, 58. 64, 28.
29. 132 (siccine). 134 (siccine).
136. 178. 180 (quemne). 183
(quine). 66, 15. 27 (anne). 68,
91* (quaene). 77, 3(siccine). 81,
1. 97, 2*.

nebulas 30, 10.

