146

Scylla 60, 2. 64, 156.

Scythia 64, 296*.

secedent 64, 189.

secerno secretus 62, 39.

seco -at 71, 2.

sectam 63, 15.

sectare 8, 10.

secubitu 64, 380.

secubo —are 61, 105.

secundus 4, 21. -a 29, 18. 68, 64.
-ae 64, 222. -5 5, 8.

securi 17, 19.

sed 3, 9. 4, 25. 8, 11. 10, 33. 11,
19. 13, 9. 14, 10. 16,10. 17, 2.
18. 21, 2. 13. 22, 21. 24, 2. 8.
28, 11. 32, 7. 42, 15. 21. 44,
5. 20. 50, 11. 51, 9. 55,13. 61,
94. 106*. 109, 119. 143. 147.
178. 199. 214. 62, 51. 63, 39.
64, 68. 116. 141 (bis). 147.164.
200. 223. 326. 339. 397. 65,
15. 66, 22. 29. 42. 61. 69. 84.
87. 92. 67, 16. 23. 35. 39. 68,
11. 19. 45. 99. 117. 129. 145.
70, 3. 72, 4. 8. 78, 7. 79, 3.
83, 5. 84, 12. 85, 2. 91, 5. 104,
4.110‚ 6. 111, 3. 113, 3. 115,

sedeo -et 52, 2. -etis 37, 6. -ens
51, 3.

sedes 64, 43. 68, 35. -e 81, 3. -es
64, 85. 160. 229. 292. 66, 88.
67, 4. -ibus 64, 48. 176. 303.

seges 48, 6.

sellfi 52, 2.

semel 5, 5. 68, 130.

semen 113, 4. -ine 67, 26.

semihiante 61, 220.

semilauta 54, 2.

semimortua 50, 15.

semiraso 59, 5.

semitarii 37, 16.

semper 61, 215. 62,33. 63, 90. 64,
315. 65, 11. 12. 66, 75. 87. 88.
68, 127. 92, 1. 110, 1.

senectae 64, 217.

senectus 108, 1.

seneo senet 4, 26.

senescit 62, 56.

senex 67, 4. senis 25, 3. seni 54,
5. sene 67, 6. senum 5, 2. seni-
bus 61, 186.

sensi-is 64, 189.— 51, 6. -ibus 64,
165. 66, 25.

Scylla -- sic

sentio 85, 2. -is 83, 3. -iat 67, 16.
sensi2t 63, 6. 64, 21. sentiens
17, 0.

sepelio sepulta 68, 22. 94. ·um
68, 99.

septemgeminus 11, 7.

Septimille 45, 13.

Septi(u)mius 45, 1. 21. -io 45, 23.

sepulcretis 59, 2. ’

sepulcrum 68, ‘59,—7, 6. —cra 64,
368. -uris 96, 1. -cra 68, 97.

sequitur 68, 36. secuntur 63, 34.
64, 326. sequimini 63, 19. secums ·
28, 7. -a 64, 181.

serenas 55, 8.

sermones 10, 6. — 64, 144.

sero serens 64, 72.

serpentibus 64, 258.

sertis 6, 8.

serua 64, 161.

seruiat 61, 158. -iamus 45, 14. -ire
61, 134. —isse 67, 3. 5.

serum sero 80, 8.

serus seri 68, 120.- sero 66, 68.

seruus 23, 1 (se-rufis). 24, 5. 8. ·um
24, 10.

sesquipedalis 97, 5.

sessores ’37, 8.

sestertia 23, 26. 103, 1.

Sestianus 44, 10.

Sestius —i 44, 19. -io 44, 20.

seu 11, 6. 13, 10. 44, 1 (bis). 5.
67, 26. 82, 4*. cll siue.

seueros 27, 6. -iorum 5, 2.

seuocat 65, 2.

si 13, 2. 3. 6. 14, 8 (quod si). 17.
24. 15, 3. 14 (quod si). 16, 8.
17, 20. 24. 21, 9. 22,13. 23, 13.
22. 30, 11. 32, 4. 9. 35, 7. 11.
36, 4. 17. 39, 2 (sei). 4. 10. 42,
5. 14. 16 (quod si). 23. 44, 18.
48, 2. 5. 51, 2. 54, 4. 55,1. 18.
21. 23. 24. 56, 6. 61, 96. 62,
37. 54. 64, 158. 228. 66, 35. 41.
73. 68, 31. 40. 86. 147. 69, 3.
70, 2. 71, 1. 2. 74, 2. 75, 3. 4.
76, 1. 17 (bis). 19. 79, 4. 82, 1.
2. 4¹⁸². 83, 3. 84, 1. 88, 8. 90, 4.
96,1. 97,11. 98,1. 3. 5. 102,
1. 103, 3. 104, 3. 107,1. 108,1.

sibilum 4, 12.

sic 14, 16. 17, 5. 22, 5. 24, 6. 38,
6. 45, 13. 55, 9. 62, 8. 45. 56.
64, 110. 169. 246. 276. 80, 7.

