118

emulso 80, 8. ·s5 68, 110.

en 55, 12. 61, 156.

enim 10, 26*. 12, 8. 35, 17. 63,

enitens 61, 21.

eo it 3, 11. itis 33, 6. eat 17, 4.
61, 153. iuerat 66, 12. isset 68,
86. 84, 11. i 63, 78*. ite 61,
123. 63, 12. 13. 19. ire 17, 9.
61, 83. euntem 35, 9.

eo (adu.) 66, 57.

Eous 62, 35*. an 11, 3.

ephebus 63, 63.

epistolium 68, 2.

equidem 108, 3.

equ6s 66, 54.

era u. hera.

Erechthei 64, 229.

Erechtheum 64, 211.

eripit 51, 6. 64, 219. -pui 64, 150.
-puisti 77, 4. 5. -pite 76, 20.
-pere 82, 3. ereptum 65, 8. -
68, 106. -ereptis 66, 25.

errabunda 64, 113.

errans 61, 35.

error 22, 20. 64, 115. -oribus 63,

erudituli 57, 7.

,eruit 64, 108.

Erycina 64, 72.

esurire 21, 10.

esuritione 23, 14. -onum 21, 1.

et 1, 7. 2, 4. 7*. 10. 3, 2. 4, 6.

. 13. 14. 18. 27. 5, 4. 6, 9 (bis).
7, 6. 10. 8, 2. 10, 33. 11, 1. 12,
5. 16. 17. 13, 5 (ter). 14, 12.
15, 4. 16, 1. 2. 9. 14. 17, 2. 15.
25. 21, 11. 22, 2 (bis). 8. 9. 23,
3 (his). 6. 14 (bis). 17. 21. 26.
25, 9. 12. 26, 4. 27, 6. 28, 2. 5.
29, 2 (bis). 4. 5. 6 (bis). 9. 10
(bis). 20. 31, 6. 32, 4. 10. 33,
2. 7. 34, 2. 15. 36, 9. 19. 37, 5.
15. 16. 20. 38, 2. 3 (bis). 42, 4.
6. 10. 24. 43, 8. 44, 12. 13. 15
(bis). 19. 45, 11. 47, 1. 3. 51, 4.
15 (bis). 54, 2*. 3. 5. 55, 31.
56, 1. 2. 4. 57, 4. 58, 4. 61, 34.
97. 157. 204. 211. 222. 224. 233.
62, 23. 58. 63, 17. 53. 54. 60.
68. 64, 3. 62. 73*. 78. 150. 252.
291. 385. 66, 49. 56. 65. 67, 16.
24. 27. 35. 68, 4. 10 (bis). 46. 52.
71. 90. 155·(bis). 156 (bis). 157.

emulso — exoriente .

159. 70, 4. 72, 4. 6. 74, 4. 76,12.
19. 25. 78, 10. 80, 3. 8. 81, 6.
83, 4. 6. 84, 2. 3. 8. 85, 1. 2.
88, 2.
97, 4. 9. 10. 98, 2. 4. 100, 1.
101, 1. 4. 102, 4. 103, 2. 4. 109,
4. 110, 4*. 112, 2. 115, 6. [Et
eri 54, 2*]. “

etiam 63, 7. 61 (bis). 64, 55. 170.
68, 91*. 138. 73, 4. 97, 4.

Etruscus 39, 11.

etsi 65, 1. 68, 135. 72, 5.

euantis 64, 391.

euersus 66, 43.

euhoe 64, 61*. 255 (bis).

euirastis 63, 17.

enitamus 116, 7.

Eumenides 64, 193.

euomam 66, 74.

Europae 68, 89.

Eurotae 64, 89.

ex 4, 15. 12, 14. 16, 3. 17, 5.18.
35, 14. 50, 17. 59, 4. 62, 62.
64,60. 69. 73*. 91. 125. 241. 251.
392. 65, 8. 66, 60. 68, 36. 146.
76, 6. 22. 87, 4. 90, 1. 3. 99,·
9. 13. 109, 4. 111, 4. u. e.

exagitans 64, 94.

exarsit 64, 93.

excelso 64, 363.

excidit 66, 25.

excipio 15, 13. -piet 64, 364.

eoecito -tat 39, 3. -tare 17, 24. 40,

excitus 61, 11. -a 64, 56. ·am 63,

excrucies 76, 10. -iare 99,12. —ior
85, 2.

excutitur 65, 22.

exeeo execta 108, 4*.

exadit 66, 23.

eoeeo exis 80, 3.

exequor executae 63, 15.

exercet 71, 3. —ceremus 68, 69.
-cete 61, 235.

exerta 108, 4*.

exibita 100, 6*.

exigitur 100, 6*.

emilio ·iluere 62, 8. 9.

exilium 33, 5.

eximie 64, 25.

eximium 64, 323. -iis 111, 2.

exoluere 64, 77.

exoriente 64, 271.

90, 2. 3. 91, 7. 95, 8. ,

